09429010
09429210
09429500
09521100
09527000
09527594
09527597
09530400
09530500
10255805
10264675
10268225
10270885
10270940
10270960
10270970
10287262
10287720
10289000
10289500
10292000
103087835
103087855
103087865
10336675
10336790
10341950
10354000
11022350
11040200
11044900
11058000
11060901
11062401
11062411
11069200
11070150
11070240
11070256
11070262
11075620
11103000
11107745
11107860
11108000
11108075
11108080
11108090
11108095
11108130
11108135
11109398
11109550
11112500
11125600
11126000
11133500
11136500
11159500
11172955
11176090
11176200
11181006
11181330
11201456
11201800
11201850
11202750
11208720
11208731
11214540
11214900
11218700
11224000
11230070
11230560
11230600
11230650
11230670
11231551
11231700
11242400
11243405
11244050
11245300
11250110
11253500
11255575
11258960
11271290
11273400
11278200
11293200
11293372
11293462
11295340
11297200
11298700
11313472
11313477
11313482
11313485
11315030
11315900
11316100
11316670
11329500
11354500
11359100
11359120
11359200
11361000
11362900
11363930
11364200
11364300
11367760
11370700
11372080
11374300
11374305
11376015
11376040
11376050
11376140
11376150
11376160
11376420
11376440
11376460
11389720
11389740
11389780
11396396
11396397
11401109
11401165
11401920
11404380
11405120
11405200
11408500
11410000
11413399
11413517
11414360
11414410
11414450
11414470
11416610
11416620
11416700
11428400
11429500
11433065
11433085
11433930
11439999
11451720
11452600
11452800
11452900
11452901
11453000
11458350
11459150
11462080
11463200
11463500
11463682
11463900
11463980
11465350
11465390
11465660
11465690
11466170
11466200
11467553
11468010
11468070
11472800
11475610
11477425
11477450
11512000
11525900
