09424050
09424170
09427600
09427800
09428200
09428530
09429003
09429010
09429225
09429500
09521100
09524000
09524700
09525000
09527594
10250600
10250800
10251100
10251259
10251335
10251375
10253320
10253350
10255200
10255700
10255805
10255850
10255890
10255895
10255897
10255900
10256000
10256050
10256060
10256200
10256300
10256400
10257710
10257800
10258030
10258100
10258700
10259600
10260200
10260400
10260470
10260480
10260782
10260865
10261000
10261001
10262600
10263630
10263665
10263675
10263900
10264100
10264500
10264502
10264530
10264550
10264590
10264605
10264658
10264660
10264682
10264710
10264740
10264750
10264770
10265100
10265160
10265200
10265500
10268000
10268225
10268282
10270885
10270940
10270960
10270970
10271211
10276000
10276001
10276002
10276500
10277000
10277400
10277500
10278000
10278500
10281500
10282000
10284800
10285500
10285700
10286000
10286001
10286002
10287071
10287262
10287291
10287400
10287720
10287780
10287900
10289000
10289500
10290000
10292000
10295200
10296700
10296750
10303500
10304500
10308000
10308201
103087835
103087865
103087887
10309025
10309030
10336593
103366097
10336630
10336640
10336650
10336655
10336658
10336670
10336672
10336675
10336684
10336686
10336689
10336778
10336785
10336790
10338100
10339401
10339410
10339419
10339499
10340299
10340501
10341950
10342000
10342001
10343200
10344299
10344401
10344501
10345490
10345700
10346001
10347300
10354000
10354700
10355000
10355500
10357000
10358470
10359100
10359250
10359300
10360230
10361000
11010900
11011900
11012100
11013500
11013600
11014850
11014950
11015001
11016000
11021300
11021500
11022350
11022500
11023315
11023318
11023320
11023450
11023500
11024500
11026000
11027500
11029000
11029500
11030500
11030730
11031000
11036700
11037650
11037701
11038500
11039100
11039600
11039800
11040000
11040200
11040500
11040700
11041000
11042490
11042520
11042600
11044500
11044600
11044900
11045000
11045050
11046200
11046310
11046350
11046358
11046359
11046501
11046550
11047000
11047200
11047500
11047700
11048000
11048500
11048520
11048540
11048550
11048555
11051503
11051600
11052504
11054000
11054001
11055000
11056000
11056200
11056500
11057000
11058000
11059000
11059100
11060300
11060500
11060901
11062200
11062401
11062411
11065800
11065801
11066050
11066440
11066478
11066479
11066480
11066500
11066550
11066950
11067000
11067001
11067500
11067890
11068000
11069200
11069300
11070000
11070050
11070070
11070150
11070232
11070240
11070375
11070475
11071760
11071900
11072000
11072200
11073000
11073001
11073200
11073440
11073500
11074500
11075730
11075740
11077001
11080000
11080880
11081000
11081500
11083500
11084000
11084950
11085560
11086000
11086300
11086400
11086500
11086990
11087100
11087195
11087500
11089000
11089200
11090000
11090700
11093000
11093490
11093500
11094500
11095000
11096000
11096500
11097500
11098500
11099500
11100500
11100760
11101000
11101380
11101500
11102000
11102500
11102750
11104000
11105500
11105510
11105850
11106000
11106400
11106500
11107000
11107500
11107745
11107770
11107860
11107922
11108000
11108075
11108080
11108087
11108090
11108095
11108130
11109100
11109200
11109250
11109397
11109398
11109550
11109801
11110000
11112500
11113900
11114500
11116500
11116550
11117000
11117500
11118000
11119530
11119660
11119700
11119900
11120600
11120700
11120800
11122000
11124000
11125000
11125600
11125605
11126000
11126500
11127000
11127500
11128000
11129000
11129500
11130000
11130500
11131000
11131500
11132000
11133500
11133700
11134500
11135000
11135250
11135500
11136000
11136040
11136050
11136150
11136400
11136480
11136500
11136650
11137000
11137400
11137500
11138000
11138100
11139000
11139350
11139500
11141000
11141160
11141300
11141400
11141500
11141600
11142080
11142100
11142200
11142240
11142300
11142500
11142550
11142800
11143010
11143300
11144000
11144200
11144600
11145000
11145500
11147000
11147040
11147600
11147700
11147800
11148000
11148800
11149500
11149650
11149700
11150800
11151000
11151500
11152570
11153040
11153500
11153700
11153790
11153800
11154000
11154500
11156000
11156450
11156700
11158500
11158900
11159150
11159400
11159500
11159700
11159800
11159940
11160200
11161500
11161570
11161590
11161800
11161900
11162000
11162600
11162940
11162950
11163000
11163500
11164000
11165000
11165500
11166500
11166550
11166575
11166578
11166900
11167000
11167500
11167660
11167800
11168000
11168500
11169600
11169616
11169860
11170000
11171500
11172500
11172955
11173000
11173800
11174500
11174600
11176090
11176140
11176145
11176150
11176180
11176200
11176300
11176350
11176600
11179100
11180000
11180750
11180810
11180965
11181004
11181006
11181400
11182400
11183500
11183700
11184000
11184500
11185000
11185100
11185300
11185350
11185400
11185600
11186360
11186550
11186750
11188200
11190000
11191001
11193000
11194000
11194200
11195600
11196420
11197000
11197800
11200000
11201200
11201456
11201800
11201850
11202750
11202751
11203000
11203100
11203190
11203200
11203221
11204000
11206700
11206820
11208570
11208601
11208610
11208620
11208625
11208720
11208731
11209500
11210000
11210500
11211500
11211785
11211790
11212000
11212500
11214200
11214400
11214500
11214900
11215500
11215800
11215820
11215830
11216000
11216800
11217000
11218000
11218499
11218700
11219000
11222000
11224000
11225000
11228500
11230000
11230070
11230560
11230650
11230670
11231551
11231700
11232000
11232500
11234500
11235000
11236080
11238000
11239000
11242350
11243405
11244050
11245000
11245300
11246000
11247000
11247200
11247500
11248000
11250110
11250500
11251500
11251600
11252500
11252975
11253000
11253058
11253115
11253130
11255500
11255550
11255575
11256000
11257100
11257700
11258800
11258900
11258920
11258960
11258980
11259300
11259900
11260000
11260001
11260200
11260225
11260480
11260815
11262800
11263000
11265000
11265500
11266000
11267300
11267500
11268001
11268200
11268500
11270000
11271290
11271360
11271500
11273400
11274554
11274560
11274600
11274610
11278500
11279500
11280000
11282500
11283000
11283100
11283200
11283250
11283350
11284500
11284700
11285000
11286500
11288000
11289501
11289660
11289850
11291500
11292610
11292615
11292680
11293000
11293200
11293372
11293462
11293500
11293650
11293700
11293710
11294300
11294400
11295000
11295100
11295340
11295910
11297200
11298700
11299500
11300000
11300800
11302500
11304000
11305000
11305500
11306000
11306500
11307000
11308000
11308500
11309000
11309500
11311500
11312000
11313472
11313477
11313482
11313485
11315030
11315900
11316000
11316100
11316500
11316670
11317500
11318000
11321000
11322000
11326300
11327000
11327500
11328000
11329000
11329500
11330000
11331500
11332500
11333500
11334200
11334500
11335655
11335700
11336000
11336500
11341500
11343000
11343500
11344000
11344500
11346000
11346500
11347500
11348000
11348200
11349000
11349500
11350500
11351000
11351500
11352000
11352500
11352900
11353500
11353600
11353700
11354300
11354500
11354511
11355000
11356500
11357000
11358000
11358500
11359100
11359120
11359200
11359500
11360500
11361000
11361450
11362000
11362900
11363930
11364200
11364300
11364800
11365500
11366000
11367200
11367300
11367700
11367760
11368500
11369000
11370700
11372050
11372060
11372080
11372200
11372700
11373200
11373300
11374060
11374100
11374300
11374305
11374400
11375500
11375810
11375815
11375820
11375870
11375871
11375900
11376015
11376038
11376040
11376050
11376140
11376150
11376160
11376420
11376440
11376460
11376490
11377200
11377500
11378000
11378800
11378860
11380000
11380500
11381000
11381595
11381990
11382090
11382550
11383000
11383515
11383600
11384000
11384350
11384500
11384600
11385000
11385500
11386500
11387000
11387800
11388500
11389390
11389700
11389720
11389740
11389780
11389950
11390010
11390210
11390395
11390425
11390480
11390655
11390660
11391000
11391002
11391020
11391021
11391050
11391400
11391460
11391500
11392100
11392500
11393000
11393500
11394000
11394620
11394800
11395300
11396300
11396350
11396396
11396397
11396500
11397000
11401100
11401109
11401125
11401150
11401165
11401180
11401200
11401300
11401900
11401920
11401940
11402500
11403000
11403510
11404000
11404380
11404901
11405000
11405120
11405200
11405300
11405500
11406000
11406500
11407300
11407500
11407501
11407700
11407810
11407900
11408500
11408501
11408599
11408700
11409000
11409001
11410000
11410001
11410400
11410500
11411000
11411500
11412000
11412500
11413327
11413399
11413500
11413517
11413600
11413700
11413900
11413950
11414265
11414360
11414410
11414450
11414470
11414500
11415000
11416610
11416700
11417000
11417100
11417950
11420000
11420500
11420700
11420750
11421500
11421700
11421720
11423000
11423500
11424500
11425000
11425417
11426110
11426130
11426140
11426160
11426200
11426400
11426500
11428000
11428001
11428400
11428995
11429000
11429500
114296005
11429800
11430500
11431000
11432000
11432500
11433065
11433085
11433200
11433400
11433420
11433799
11433800
11433930
11434000
11435000
11435500
11436510
11438000
11439510
11439999
11440000
11440480
11440500
11440530
11440850
11441000
11441750
11442000
11443000
11443501
11445000
11446000
11447000
11447030
11447270
11447300
11447330
11447500
11448500
11448900
11449000
11449010
11449100
11449206
11449350
11449450
11449460
11450500
11451292
11451500
11451520
11451540
11451600
11451690
11451700
11451720
11451760
11451800
11451950
11452000
11452600
11452900
11452901
11453170
11453200
11453550
11453570
11453580
11453600
11453700
11454100
11454500
11455000
11455900
11455950
11456500
11458100
11458200
11458350
11458600
11459000
11459150
11459300
11459800
11460151
11460160
11460170
11460500
11460605
11460800
11460920
11460940
11461400
11461501
11462080
11462700
11463160
11463200
11463500
11463682
11463900
11463940
11463980
11464050
11464400
11464860
11465050
11465240
11465350
11465390
11465500
11465800
11466065
11466170
11466200
11467295
11467485
11467553
11467800
11467850
11468010
11468070
11468092
11468150
11468540
11468850
11468990
11469500
11469800
11471800
11472000
11472180
11472500
11472800
11473000
11473500
11473530
11473600
11473700
11473800
11473980
11474400
11474700
11474750
11474781
11475100
11475610
11475700
11475940
11476700
11477425
11477450
11477475
11477476
11477700
11478000
11478400
11479000
11479500
11479700
11480000
11480750
11480780
11482000
11482130
11482468
11489500
11490000
11490500
11512000
11512500
11516600
11516750
11516900
11517800
11517900
11517950
11518000
11518050
11518200
11518300
11518600
11519000
11520000
11521000
11522200
11522260
11522400
11523030
11523700
11525535
11525540
11525750
11525800
11525900
11526000
11527500
11528000
11528100
11528200
11528400
11528440
11528500
11529500
11529800
11530020
11530150
11530300
11531000
11531500
11532620
11532700
14361590
14361600
324622117121200
340229116510601
341211117265501
373507121472101
373821118531901
374125118502501
380738122560701
