10281800
10291500
10295500
10308200
10308783
10310000
10336580
10336600
10336770
10336780
11208000
11213500
11214000
11218500
11226500
11230500
11237500
11264500
11266500
11274790
11275000
11292500
11294000
11251000
11270900
11299000
11406999
11418000
11419000
11446220
10255810
10257500
10257600
10258000
10258500
10259000
10259200
10263500
10264000
10264600
10336645
10336660
10336676
10340500
10343500
11031500
11033000
11037700
11063000
11073470
11080500
11082000
11094000
11095500
11111500
11113000
11154700
11195500
11196400
11203580
11204100
11208500
11209900
11220000
11268000
11281000
11282000
11283500
11294500
11315000
11316800
11318500
11341400
11376500
11394500
11400000
11408850
11409300
11409500
11413100
11413320
11414000
11426150
11427700
11433260
11433300
11433500
11445500
11472900
11480390
11522500
11523200
11525500
11526500
11527400
11154100
11390672
11396400
11413323
11457000
11458300
11467200
11467500
11467600
11468000
11468500
11468600
11468900
11472160
11473900
11474500
11475500
11475560
11475800
11476500
11476600
11477000
11477500
11478500
11481200
11481500
11482110
11482120
11482125
11482200
11482500
11529000
11532000
11532500
11377100
11110500
11115500
11117600
11117800
11120500
11124500
11128400
11141150
11141280
11143000
11143500
11148900
11151300
11151870
11152900
11153470
11153900
11156500
11159690
11160000
11160020
11160070
11160300
11160500
11162500
11162540
11162570
11169800
11180500
11180825
11180960
11181000
11181390
11182100
11182500
11183000
11197250
11199500
11220500
11269300
11274500
11274630
11337500
11371000
11372000
11375700
11449500
11451100
11460100
11464500
11473100
11480800
11522300
11525530
11525670
11528700
11116000
11120510
11120520
11120550
11132500
11138500
11172100
11172945
11173200
11176400
11224500
11253310
10255800
11023250
11023310
11023325
11046300
11046500
11048553
11058600
11077000
11084500
11098000
11100000
11120530
11134800
11257500
11258000
11259000
11284400
11299600
11334300
11374000
11379000
11451715
10360900
11355500
